inputdata = JSON.parse(
'{"distmat":[[0,0.5239,0.5644,0.6346,0.4894,0.5832,0.58,0.4527,0.6145,0.5158,0.5597,0.7718,0.5234,0.7859,0.3462,0.6219,0.8014,0.6133,0.6517,0.7563,0.3911,0.5171,0.3639,0.7313,0.926,0.5534,0.7589,0.8517,0.6189,0.4144,0.1867,0.5715,0.8193,0.717,0.7228,0.4118,0.4675,0.255,0.4903,0.4291,0.3242,0.6929,0.6438,0.5671,0.5933,0.8087,0.0529,0.5805,0.7266,0.7448,0.6638,0.6479,0.6818,0.4781,0.6133,0.7776,0.5258,0.396,0.6938,0.6273,0.7084,0.7053,0.7888,0.8853],[0.5239,0,0.114,0.606,0.7029,0.7281,0.6422,0.5079,0.424,0.3,0.4623,0.2212,0.3772,0.1791,0.6278,0.3232,0.3257,0.7372,0.3423,0.3161,0.2585,0.2376,0.5697,0.3065,0.1503,0.6508,0.7793,0.7638,0.3713,0.2747,0.4834,0.6732,0.1705,0.327,0.7509,0.59,0.5626,0.5802,0.5517,0.3743,0.5296,0.4479,0.4835,0.4494,0.3821,0.2457,0.5395,0.1828,0.4286,0.383,0.6586,0.5244,0.6622,0.6554,0.771,0.2773,0.214,0.4226,0.1364,0.5638,0.4492,0.8236,0.5986,0.7217],[0.5644,0.114,0,0.7163,0.7092,0.6636,0.7706,0.5091,0.6096,0.255,0.6658,0.2146,0.2609,0.227,0.7547,0.3141,0.2843,0.7476,0.3034,0.2986,0.1616,0.1853,0.5887,0.4435,0.1996,0.7983,0.8327,0.8191,0.3442,0.1488,0.7119,0.874,0.1079,0.2704,0.8428,0.7397,0.5119,0.5282,0.6251,0.6108,0.5541,0.5303,0.6026,0.3484,0.4419,0.2718,0.5684,0.0583,0.4403,0.3268,0.8613,0.8247,0.8516,0.7924,1.0436,0.3196,0.1632,0.4524,0.1168,0.4159,0.3958,0.5356,0.6843,0.8524],[0.6346,0.606,0.7163,0,0.6445,0.512,0.2765,0.6777,0.6436,0.8109,0.4923,0.7693,0.6804,0.7198,0.3244,0.7436,0.6564,0.6821,0.5231,0.6216,0.7064,0.7361,0.6401,0.7427,0.7141,0.7787,0.4429,0.7783,0.694,0.6859,0.667,0.6778,0.7495,0.7118,0.8269,0.0229,0.1647,0.8057,0.27,0.5887,0.4005,0.75,0.8048,0.6293,0.7256,0.7489,0.6596,0.6943,0.8769,0.7401,0.8051,0.7452,0.7844,0.0586,0.8104,0.7217,0.2237,0.5963,0.6898,0.6461,0.6293,0.8943,0.7499,0.8481],[0.4894,0.7029,0.7092,0.6445,0,0.5057,0.3981,0.2268,0.6172,0.7441,0.6316,0.8129,0.6714,0.7692,0.6406,0.6325,0.7181,0.5413,0.7319,0.7638,0.6317,0.5725,0.6215,0.7035,0.7506,0.6599,0.7442,0.466,0.6192,0.6742,0.5393,0.6151,0.8124,0.6805,0.7325,0.4209,0.6077,0.5566,0.6429,0.543,0.6691,0.829,0.752,0.6819,0.8867,0.7673,0.5691,0.6987,0.967,0.7443,0.7093,0.6325,0.6952,0.3915,0.7369,0.7325,0.8105,0.5103,0.8049,0.7054,0.7412,0.8303,0.6214,0.805],[0.5832,0.7281,0.6636,0.512,0.5057,0,0.5411,0.4668,0.6005,0.7732,0.4456,0.7683,0.5507,0.6852,0.5033,0.6195,0.6651,0.576,0.6543,0.7428,0.5317,0.6567,0.6795,0.7789,0.7525,0.726,0.8511,0.629,0.5713,0.5847,0.7372,0.3914,0.708,0.6584,0.3809,0.5331,0.5428,0.6563,0.5333,0.7511,0.6705,0.5741,0.5167,0.5885,0.6248,0.6968,0.6301,0.6202,0.6616,0.5987,0.6326,0.6767,0.6196,0.5389,0.6509,0.6453,0.6584,0.4814,0.6753,0.6133,0.6421,0.7268,0.3496,0.4767],[0.58,0.6422,0.7706,0.2765,0.3981,0.5411,0,0.3906,0.5388,0.7537,0.217,0.6903,0.7284,0.6927,0.4999,0.611,0.3873,0.5818,0.5121,0.3946,0.7064,0.6418,0.5425,0.6706,0.8105,0.8141,0.8428,0.4344,0.6197,0.6941,0.5452,0.499,0.7575,0.6254,0.6446,0.2151,0.399,0.659,0.3669,0.6584,0.5209,0.7062,0.567,0.5814,0.5147,0.7154,0.6052,0.7735,0.8234,0.7397,0.6546,0.487,0.6632,0.1544,0.7575,0.5601,0.3138,0.6215,0.4711,0.6434,0.6754,0.933,0.5971,0.7072],[0.4527,0.5079,0.5091,0.6777,0.2268,0.4668,0.3906,0,0.5849,0.6374,0.6259,0.7723,0.4753,0.7338,0.519,0.4541,0.5756,0.4997,0.6766,0.6485,0.4452,0.4629,0.5534,0.7083,0.6965,0.7567,0.9035,0.6338,0.5287,0.5789,0.5173,0.5918,0.6671,0.6153,0.4992,0.462,0.5149,0.4865,0.5676,0.4317,0.6325,0.5575,0.5806,0.6378,0.7977,0.714,0.511,0.4744,0.827,0.6327,0.7612,0.6794,0.7409,0.3836,0.7956,0.6169,0.638,0.3552,0.6827,0.5809,0.6449,0.7547,0.6041,0.5869],[0.6145,0.424,0.6096,0.6436,0.6172,0.6005,0.5388,0.5849,0,0.7427,0.5159,0.5219,0.5276,0.5316,0.5151,0.466,0.4981,0.4417,0.4923,0.4962,0.499,0.4357,0.6396,0.5818,0.5106,0.7969,0.6083,0.4958,0.392,0.4696,0.5498,0.5573,0.53,0.4643,0.6308,0.6799,0.6828,0.707,0.627,0.6043,0.6009,0.4375,0.6009,0.4444,0.5432,0.4701,0.7551,0.5552,0.7326,0.466,0.4448,0.4364,0.4726,0.6078,0.7785,0.4022,0.5304,0.4433,0.5434,0.6062,0.3979,0.8545,0.4797,0.5671],[0.5158,0.3,0.255,0.8109,0.7441,0.7732,0.7537,0.6374,0.7427,0,0.6961,0.3794,0.3453,0.4117,0.737,0.4513,0.4444,0.696,0.4865,0.3819,0.3159,0.3051,0.5313,0.6209,0.3631,0.5749,0.81,0.6722,0.4165,0.3022,0.6192,0.9157,0.3266,0.4416,0.828,0.7928,0.6017,0.5678,0.6825,0.6348,0.6853,0.6024,0.6993,0.4242,0.6029,0.4564,0.5407,0.2936,0.4924,0.5225,0.9333,0.8688,0.9422,0.793,0.8852,0.545,0.3455,0.5481,0.3649,0.4392,0.5716,0.5164,0.7764,0.8225],[0.5597,0.4623,0.6658,0.4923,0.6316,0.4456,0.217,0.6259,0.5159,0.6961,0,0.569,0.6216,0.6569,0.4866,0.5315,0.2439,0.6667,0.4458,0.243,0.6341,0.6097,0.5903,0.6013,0.7498,0.643,0.8399,0.596,0.6068,0.4336,0.4062,0.4235,0.6728,0.569,0.5853,0.3108,0.4333,0.485,0.3036,0.3727,0.4374,0.5703,0.4678,0.4008,0.3169,0.6432,0.5682,0.6404,0.6724,0.5251,0.573,0.4918,0.5413,0.3867,0.3686,0.4247,0.3731,0.5499,0.3853,0.5986,0.5519,0.6194,0.4196,0.5006],[0.7718,0.2212,0.2146,0.7693,0.8129,0.7683,0.6903,0.7723,0.5219,0.3794,0.569,0,0.365,0.2009,0.6029,0.5447,0.3029,0.7428,0.3398,0.2953,0.3377,0.3785,0.5596,0.282,0.1694,0.9094,0.7361,0.5318,0.4658,0.3176,0.7167,0.8049,0.2331,0.2474,0.57,0.6955,0.7461,0.7025,0.7689,0.8877,0.6134,0.4019,0.4474,0.4051,0.289,0.2801,0.7509,0.245,0.4034,0.3723,0.5718,0.6582,0.6369,0.7462,0.8058,0.2352,0.2404,0.5202,0.2141,0.3925,0.2164,0.7826,0.4282,0.5658],[0.5234,0.3772,0.2609,0.6804,0.6714,0.5507,0.7284,0.4753,0.5276,0.3453,0.6216,0.365,0,0.1761,0.6425,0.2829,0.2772,0.8048,0.1762,0.3397,0.3908,0.1922,0.4911,0.418,0.4025,0.7006,0.8883,0.8897,0.41,0.3032,0.611,0.7938,0.1765,0.3234,0.7455,0.6963,0.5051,0.4642,0.5554,0.6359,0.6043,0.4672,0.5496,0.118,0.2013,0.3998,0.5263,0.2342,0.4439,0.2637,0.7037,0.7868,0.7327,0.7157,0.9913,0.3487,0.2178,0.3508,0.3646,0.2481,0.2925,0.408,0.4949,0.666],[0.7859,0.1791,0.227,0.7198,0.7692,0.6852,0.6927,0.7338,0.5316,0.4117,0.6569,0.2009,0.1761,0,0.6871,0.4503,0.2627,0.7419,0.2171,0.3167,0.2428,0.2996,0.4402,0.2866,0.1074,0.8586,0.7602,0.5776,0.4025,0.2493,0.9703,0.6174,0.1178,0.2678,0.4588,0.7025,0.7182,0.9067,0.7334,0.7732,0.608,0.4388,0.5593,0.1968,0.1365,0.2905,0.8216,0.2462,0.321,0.2729,0.5986,0.6714,0.5453,0.7106,0.8638,0.2166,0.1717,0.4394,0.1569,0.3005,0.3144,0.6635,0.5255,0.6049],[0.3462,0.6278,0.7547,0.3244,0.6406,0.5033,0.4999,0.519,0.5151,0.737,0.4866,0.6029,0.6425,0.6871,0,0.5769,0.5018,0.6169,0.5122,0.7679,0.6692,0.6967,0.4852,0.6611,0.7547,0.7518,0.7351,0.5108,0.4222,0.6626,0.5413,0.5317,0.7808,0.4873,0.4676,0.331,0.2185,0.5824,0.3808,0.5216,0.1005,0.6313,0.5366,0.6757,0.6846,0.7752,0.4197,0.7519,0.6762,0.5943,0.6473,0.635,0.6795,0.4251,0.772,0.6306,0.4101,0.5512,0.7101,0.568,0.5627,0.7299,0.6225,0.4515],[0.6219,0.3232,0.3141,0.7436,0.6325,0.6195,0.611,0.4541,0.466,0.4513,0.5315,0.5447,0.2829,0.4503,0.5769,0,0.362,0.7562,0.3657,0.4171,0.4348,0.1936,0.6088,0.6165,0.457,0.6908,0.7381,0.619,0.3922,0.3445,0.6335,0.7593,0.3746,0.3966,0.6205,0.683,0.4923,0.6194,0.5858,0.5096,0.6836,0.5637,0.6322,0.32,0.5427,0.4798,0.6315,0.2611,0.6083,0.3409,0.6951,0.6541,0.747,0.6659,0.7699,0.4747,0.3943,0.4035,0.4235,0.4912,0.5177,0.6761,0.4993,0.6679],[0.8014,0.3257,0.2843,0.6564,0.7181,0.6651,0.3873,0.5756,0.4981,0.4444,0.2439,0.3029,0.2772,0.2627,0.5018,0.362,0,0.68,0.345,0.1757,0.454,0.3034,0.6186,0.332,0.2985,0.7913,0.7894,0.5302,0.4855,0.2846,0.5588,0.6126,0.1873,0.2944,0.5087,0.5451,0.6706,0.8835,0.6643,0.6869,0.5766,0.3841,0.4886,0.2658,0.2335,0.3715,0.7616,0.3077,0.4096,0.2949,0.6946,0.5655,0.6911,0.5516,0.7857,0.1904,0.2511,0.5454,0.2731,0.3503,0.4017,0.5107,0.4776,0.4925],[0.6133,0.7372,0.7476,0.6821,0.5413,0.576,0.5818,0.4997,0.4417,0.696,0.6667,0.7428,0.8048,0.7419,0.6169,0.7562,0.68,0,0.5837,0.6642,0.4462,0.5935,0.5155,0.7746,0.7219,0.8133,0.5893,0.3983,0.4647,0.5755,0.6428,0.6567,0.7895,0.6227,0.7112,0.7094,0.7289,0.6382,0.613,0.8055,0.7291,0.7848,0.7845,0.5902,0.8014,0.6755,0.8805,0.8503,0.9272,0.6656,0.3791,0.2287,0.3527,0.4509,0.9394,0.6435,0.7558,0.538,0.7631,0.7662,0.6139,0.9458,0.6234,0.7486],[0.6517,0.3423,0.3034,0.5231,0.7319,0.6543,0.5121,0.6766,0.4923,0.4865,0.4458,0.3398,0.1762,0.2171,0.5122,0.3657,0.345,0.5837,0,0.3337,0.343,0.2916,0.5708,0.3116,0.2967,0.8685,0.7848,0.6416,0.4531,0.2462,0.8038,0.7475,0.2421,0.2909,0.6437,0.4963,0.5203,0.8134,0.5761,0.585,0.4682,0.4084,0.5545,0.2143,0.2532,0.3553,0.7062,0.3413,0.5061,0.2859,0.625,0.63,0.6412,0.5712,0.9383,0.3371,0.2231,0.3071,0.3252,0.2477,0.2936,0.6944,0.4682,0.6232],[0.7563,0.3161,0.2986,0.6216,0.7638,0.7428,0.3946,0.6485,0.4962,0.3819,0.243,0.2953,0.3397,0.3167,0.7679,0.4171,0.1757,0.6642,0.3337,0,0.386,0.324,0.5363,0.3003,0.2887,0.8684,0.8281,0.6334,0.488,0.2997,0.7079,0.857,0.2105,0.305,0.5508,0.5517,0.6705,0.7538,0.7131,0.7332,0.607,0.4554,0.4062,0.3638,0.3311,0.3963,0.8085,0.3403,0.4418,0.3545,0.5932,0.5077,0.6837,0.5228,0.9961,0.2837,0.3079,0.4585,0.3314,0.4672,0.3145,0.6656,0.3721,0.5038],[0.3911,0.2585,0.1616,0.7064,0.6317,0.5317,0.7064,0.4452,0.499,0.3159,0.6341,0.3377,0.3908,0.2428,0.6692,0.4348,0.454,0.4462,0.343,0.386,0,0.2374,0.3857,0.3997,0.1855,0.8766,0.7016,0.5402,0.2694,0.1241,0.5296,0.7206,0.2731,0.2736,0.7539,0.709,0.5314,0.3182,0.6407,0.7266,0.5928,0.5817,0.6034,0.393,0.4325,0.3607,0.4779,0.1651,0.4754,0.3058,0.5171,0.5063,0.4905,0.6052,1.0536,0.3555,0.3394,0.3436,0.2353,0.507,0.4844,0.8286,0.5147,0.8182],[0.5171,0.2376,0.1853,0.7361,0.5725,0.6567,0.6418,0.4629,0.4357,0.3051,0.6097,0.3785,0.1922,0.2996,0.6967,0.1936,0.3034,0.5935,0.2916,0.324,0.2374,0,0.4633,0.5107,0.3452,0.8205,0.8057,0.7445,0.3183,0.2516,0.6192,0.8599,0.2173,0.2774,0.7795,0.7339,0.4778,0.4238,0.5913,0.6203,0.6007,0.5041,0.6137,0.2435,0.3642,0.4081,0.6061,0.1938,0.4618,0.3099,0.7289,0.723,0.745,0.6976,1.0142,0.3902,0.2801,0.3318,0.2934,0.4095,0.4405,0.6213,0.5375,0.7583],[0.3639,0.5697,0.5887,0.6401,0.6215,0.6795,0.5425,0.5534,0.6396,0.5313,0.5903,0.5596,0.4911,0.4402,0.4852,0.6088,0.6186,0.5155,0.5708,0.5363,0.3857,0.4633,0,0.5055,0.5291,0.6635,0.883,0.6171,0.551,0.4195,0.404,0.547,0.478,0.5946,0.6975,0.5363,0.6863,0.4291,0.5838,0.6717,0.6269,0.6783,0.6182,0.5236,0.4805,0.6927,0.3917,0.6072,0.6098,0.5734,0.5252,0.444,0.55,0.5249,0.7679,0.5456,0.6369,0.5591,0.6258,0.554,0.5876,0.7904,0.6745,0.6824],[0.7313,0.3065,0.4435,0.7427,0.7035,0.7789,0.6706,0.7083,0.5818,0.6209,0.6013,0.282,0.418,0.2866,0.6611,0.6165,0.332,0.7746,0.3116,0.3003,0.3997,0.5107,0.5055,0,0.2332,0.8111,0.7952,0.7012,0.6058,0.4117,0.6996,0.6739,0.2751,0.2871,0.3861,0.7196,0.582,0.7103,0.6339,0.6351,0.558,0.3687,0.3564,0.4835,0.3676,0.3647,0.7406,0.457,0.4914,0.4185,0.6238,0.7387,0.6749,0.7578,0.8726,0.3331,0.422,0.5186,0.3654,0.5596,0.3905,0.8102,0.4469,0.6134],[0.926,0.1503,0.1996,0.7141,0.7506,0.7525,0.8105,0.6965,0.5106,0.3631,0.7498,0.1694,0.4025,0.1074,0.7547,0.457,0.2985,0.7219,0.2967,0.2887,0.1855,0.3452,0.5291,0.2332,0,1.0173,0.7562,0.6511,0.3554,0.2639,0.9427,0.7075,0.1775,0.2191,0.6751,0.8461,0.702,0.8321,0.7997,0.8618,0.5993,0.4336,0.4669,0.3775,0.2721,0.2411,1.0009,0.2205,0.3817,0.318,0.7293,0.7389,0.7109,0.8134,1.0147,0.1961,0.1979,0.5062,0.1388,0.4707,0.4449,0.8092,0.5671,0.7849],[0.5534,0.6508,0.7983,0.7787,0.6599,0.726,0.8141,0.7567,0.7969,0.5749,0.643,0.9094,0.7006,0.8586,0.7518,0.6908,0.7913,0.8133,0.8685,0.8684,0.8766,0.8205,0.6635,0.8111,1.0173,0,1.0026,0.7356,0.8882,0.7406,0.5894,0.7501,0.9671,0.8427,0.9625,0.6314,0.691,0.7233,0.6239,0.3846,0.6763,0.8919,0.7725,0.5023,0.9114,0.9595,0.6014,0.7893,0.835,0.7947,0.69,0.627,0.5837,0.7487,0.5491,0.913,0.7664,0.7904,0.8304,0.6717,0.7815,0.5588,0.8222,0.8015],[0.7589,0.7793,0.8327,0.4429,0.7442,0.8511,0.8428,0.9035,0.6083,0.81,0.8399,0.7361,0.8883,0.7602,0.7351,0.7381,0.7894,0.5893,0.7848,0.8281,0.7016,0.8057,0.883,0.7952,0.7562,1.0026,0,0.7321,0.5759,0.7317,0.7634,0.8802,0.7514,0.68,0.8175,0.768,0.84,0.8401,0.8084,1.0406,0.7648,0.7843,0.8364,0.8281,0.6913,0.8053,0.7545,0.8519,0.8395,0.8149,0.6037,0.5816,0.659,0.6989,0.9586,0.7156,0.7313,0.6232,0.6998,0.7912,0.7248,0.8992,0.8376,0.9272],[0.8517,0.7638,0.8191,0.7783,0.466,0.629,0.4344,0.6338,0.4958,0.6722,0.596,0.5318,0.8897,0.5776,0.5108,0.619,0.5302,0.3983,0.6416,0.6334,0.5402,0.7445,0.6171,0.7012,0.6511,0.7356,0.7321,0,0.3913,0.6248,0.6381,0.6201,0.7932,0.4678,0.5825,0.7723,0.7653,0.8887,0.6652,0.8503,0.6484,0.6343,0.5509,0.6476,0.5747,0.6506,0.8623,0.9324,0.685,0.5647,0.5236,0.4555,0.4987,0.6121,0.7142,0.531,0.5593,0.6483,0.6692,0.6112,0.629,0.7651,0.4877,0.4605],[0.6189,0.3713,0.3442,0.694,0.6192,0.5713,0.6197,0.5287,0.392,0.4165,0.6068,0.4658,0.41,0.4025,0.4222,0.3922,0.4855,0.4647,0.4531,0.488,0.2694,0.3183,0.551,0.6058,0.3554,0.8882,0.5759,0.3913,0,0.3317,0.5836,0.5583,0.3914,0.2587,0.5645,0.7078,0.4987,0.5442,0.4294,0.6599,0.5711,0.6339,0.5776,0.4191,0.5423,0.4686,0.6523,0.3182,0.5505,0.4083,0.5388,0.4724,0.566,0.5564,0.8134,0.4725,0.4229,0.3487,0.369,0.5858,0.5198,0.7348,0.6405,0.4747],[0.4144,0.2747,0.1488,0.6859,0.6742,0.5847,0.6941,0.5789,0.4696,0.3022,0.4336,0.3176,0.3032,0.2493,0.6626,0.3445,0.2846,0.5755,0.2462,0.2997,0.1241,0.2516,0.4195,0.4117,0.2639,0.7406,0.7317,0.6248,0.3317,0,0.4658,0.6297,0.2202,0.2957,0.6006,0.656,0.5336,0.3884,0.5048,0.5956,0.4686,0.3791,0.5309,0.2638,0.329,0.3194,0.4569,0.1589,0.4478,0.1977,0.5259,0.5726,0.5447,0.7139,0.8603,0.2438,0.2491,0.3098,0.2213,0.359,0.2925,0.6412,0.3878,0.6176],[0.1867,0.4834,0.7119,0.667,0.5393,0.7372,0.5452,0.5173,0.5498,0.6192,0.4062,0.7167,0.611,0.9703,0.5413,0.6335,0.5588,0.6428,0.8038,0.7079,0.5296,0.6192,0.404,0.6996,0.9427,0.5894,0.7634,0.6381,0.5836,0.4658,0,0.5687,0.8783,0.5943,0.8793,0.4897,0.4708,0.2649,0.5095,0.4606,0.5987,0.7534,0.7646,0.6222,1.0163,0.9261,0.2143,0.7083,0.8853,0.64,0.6722,0.6131,0.6366,0.4653,0.4857,0.6887,0.7307,0.4776,0.8334,0.6927,0.7261,0.7093,0.8817,0.7225],[0.5715,0.6732,0.874,0.6778,0.6151,0.3914,0.499,0.5918,0.5573,0.9157,0.4235,0.8049,0.7938,0.6174,0.5317,0.7593,0.6126,0.6567,0.7475,0.857,0.7206,0.8599,0.547,0.6739,0.7075,0.7501,0.8802,0.6201,0.5583,0.6297,0.5687,0,0.8842,0.654,0.3354,0.5854,0.6362,0.6579,0.4455,0.5578,0.5384,0.6862,0.5458,0.7541,0.4904,0.7286,0.6202,0.9042,0.7191,0.5671,0.4763,0.4921,0.4285,0.5859,0.5475,0.6474,0.6518,0.6985,0.7604,0.6924,0.6166,0.6159,0.3607,0.4586],[0.8193,0.1705,0.1079,0.7495,0.8124,0.708,0.7575,0.6671,0.53,0.3266,0.6728,0.2331,0.1765,0.1178,0.7808,0.3746,0.1873,0.7895,0.2421,0.2105,0.2731,0.2173,0.478,0.2751,0.1775,0.9671,0.7514,0.7932,0.3914,0.2202,0.8783,0.8842,0,0.2671,0.6883,0.753,0.6732,0.7435,0.7851,0.8413,0.5387,0.3875,0.5046,0.179,0.1269,0.2655,0.8238,0.1135,0.3281,0.2879,0.6097,0.7542,0.6967,0.8053,1.0622,0.2234,0.0972,0.3509,0.1098,0.3088,0.3107,0.5976,0.4463,0.6294],[0.717,0.327,0.2704,0.7118,0.6805,0.6584,0.6254,0.6153,0.4643,0.4416,0.569,0.2474,0.3234,0.2678,0.4873,0.3966,0.2944,0.6227,0.2909,0.305,0.2736,0.2774,0.5946,0.2871,0.2191,0.8427,0.68,0.4678,0.2587,0.2957,0.5943,0.654,0.2671,0,0.3189,0.7121,0.5349,0.7048,0.5713,0.8045,0.6225,0.5141,0.4672,0.2745,0.3622,0.3645,0.8323,0.2748,0.4377,0.291,0.5587,0.6216,0.5221,0.5956,0.7058,0.2809,0.2997,0.4351,0.2495,0.4249,0.4202,0.6804,0.3513,0.4682],[0.7228,0.7509,0.8428,0.8269,0.7325,0.3809,0.6446,0.4992,0.6308,0.828,0.5853,0.57,0.7455,0.4588,0.4676,0.6205,0.5087,0.7112,0.6437,0.5508,0.7539,0.7795,0.6975,0.3861,0.6751,0.9625,0.8175,0.5825,0.5645,0.6006,0.8793,0.3354,0.6883,0.3189,0,0.8036,0.7474,1.0486,0.6039,0.8173,0.6098,0.5429,0.4078,0.6666,0.3951,0.5977,0.7649,0.913,0.3781,0.5169,0.5902,0.6497,0.6573,0.6737,0.5546,0.4635,0.645,0.6018,0.3955,0.5455,0.5858,0.6738,0.1368,0.2922],[0.4118,0.59,0.7397,0.0229,0.4209,0.5331,0.2151,0.462,0.6799,0.7928,0.3108,0.6955,0.6963,0.7025,0.331,0.683,0.5451,0.7094,0.4963,0.5517,0.709,0.7339,0.5363,0.7196,0.8461,0.6314,0.768,0.7723,0.7078,0.656,0.4897,0.5854,0.753,0.7121,0.8036,0,0.162,0.4252,0.2941,0.4903,0.3652,0.7029,0.6148,0.6226,0.4559,0.7416,0.4151,0.6884,0.7828,0.7772,0.7438,0.5815,0.7106,0.038,0.6601,0.6505,0.129,0.4602,0.5461,0.6496,0.6878,0.8916,0.7003,0.8192],[0.4675,0.5626,0.5119,0.1647,0.6077,0.5428,0.399,0.5149,0.6828,0.6017,0.4333,0.7461,0.5051,0.7182,0.2185,0.4923,0.6706,0.7289,0.5203,0.6705,0.5314,0.4778,0.6863,0.582,0.702,0.691,0.84,0.7653,0.4987,0.5336,0.4708,0.6362,0.6732,0.5349,0.7474,0.162,0,0.4408,0.3094,0.4059,0.2291,0.7755,0.6996,0.4685,0.6914,0.5929,0.4797,0.4533,0.8237,0.5342,0.7327,0.6746,0.7409,0.2606,0.7395,0.7049,0.3142,0.4419,0.6656,0.6126,0.6221,0.7097,0.6765,0.8563],[0.255,0.5802,0.5282,0.8057,0.5566,0.6563,0.659,0.4865,0.707,0.5678,0.485,0.7025,0.4642,0.9067,0.5824,0.6194,0.8835,0.6382,0.8134,0.7538,0.3182,0.4238,0.4291,0.7103,0.8321,0.7233,0.8401,0.8887,0.5442,0.3884,0.2649,0.6579,0.7435,0.7048,1.0486,0.4252,0.4408,0,0.4775,0.4897,0.738,0.6518,0.8683,0.6351,1.0988,0.6766,0.2807,0.5092,0.945,0.8075,0.7032,0.6619,0.7365,0.4945,0.5456,0.8167,0.7529,0.3668,0.7284,0.5717,0.7378,0.8138,0.8616,0.973],[0.4903,0.5517,0.6251,0.27,0.6429,0.5333,0.3669,0.5676,0.627,0.6825,0.3036,0.7689,0.5554,0.7334,0.3808,0.5858,0.6643,0.613,0.5761,0.7131,0.6407,0.5913,0.5838,0.6339,0.7997,0.6239,0.8084,0.6652,0.4294,0.5048,0.5095,0.4455,0.7851,0.5713,0.6039,0.2941,0.3094,0.4775,0,0.4916,0.3839,0.6904,0.6249,0.6322,0.744,0.6568,0.5352,0.6683,0.8348,0.5372,0.4529,0.5046,0.5001,0.2329,0.7129,0.7163,0.4111,0.5117,0.6437,0.6246,0.6426,0.6699,0.5616,0.6533],[0.4291,0.3743,0.6108,0.5887,0.543,0.7511,0.6584,0.4317,0.6043,0.6348,0.3727,0.8877,0.6359,0.7732,0.5216,0.5096,0.6869,0.8055,0.585,0.7332,0.7266,0.6203,0.6717,0.6351,0.8618,0.3846,1.0406,0.8503,0.6599,0.5956,0.4606,0.5578,0.8413,0.8045,0.8173,0.4903,0.4059,0.4897,0.4916,0,0.3329,0.6944,0.7365,0.5661,0.809,0.6571,0.4078,0.5715,0.9501,0.6628,0.7792,0.7354,0.7292,0.619,0.3911,0.8025,0.5858,0.5409,0.6502,0.6041,0.5513,0.6967,0.6664,0.7888],[0.3242,0.5296,0.5541,0.4005,0.6691,0.6705,0.5209,0.6325,0.6009,0.6853,0.4374,0.6134,0.6043,0.608,0.1005,0.6836,0.5766,0.7291,0.4682,0.607,0.5928,0.6007,0.6269,0.558,0.5993,0.6763,0.7648,0.6484,0.5711,0.4686,0.5987,0.5384,0.5387,0.6225,0.6098,0.3652,0.2291,0.738,0.3839,0.3329,0,0.5271,0.5861,0.5564,0.5905,0.5531,0.3825,0.5869,0.6418,0.5454,0.7345,0.713,0.7065,0.5069,0.594,0.5719,0.397,0.551,0.5372,0.5835,0.4368,0.6168,0.6392,0.7202],[0.6929,0.4479,0.5303,0.75,0.829,0.5741,0.7062,0.5575,0.4375,0.6024,0.5703,0.4019,0.4672,0.4388,0.6313,0.5637,0.3841,0.7848,0.4084,0.4554,0.5817,0.5041,0.6783,0.3687,0.4336,0.8919,0.7843,0.6343,0.6339,0.3791,0.7534,0.6862,0.3875,0.5141,0.5429,0.7029,0.7755,0.6518,0.6904,0.6944,0.5271,0,0.4115,0.4997,0.3633,0.3531,0.5687,0.5345,0.3687,0.4339,0.6535,0.6578,0.6198,0.662,0.6309,0.3499,0.3857,0.6204,0.4361,0.4177,0.3949,0.5738,0.4544,0.518],[0.6438,0.4835,0.6026,0.8048,0.752,0.5167,0.567,0.5806,0.6009,0.6993,0.4678,0.4474,0.5496,0.5593,0.5366,0.6322,0.4886,0.7845,0.5545,0.4062,0.6034,0.6137,0.6182,0.3564,0.4669,0.7725,0.8364,0.5509,0.5776,0.5309,0.7646,0.5458,0.5046,0.4672,0.4078,0.6148,0.6996,0.8683,0.6249,0.7365,0.5861,0.4115,0,0.5439,0.4594,0.4469,0.6423,0.5868,0.5036,0.442,0.7023,0.573,0.6746,0.4663,0.6141,0.4098,0.6019,0.5916,0.3736,0.4756,0.4207,0.5925,0.2968,0.377],[0.5671,0.4494,0.3484,0.6293,0.6819,0.5885,0.5814,0.6378,0.4444,0.4242,0.4008,0.4051,0.118,0.1968,0.6757,0.32,0.2658,0.5902,0.2143,0.3638,0.393,0.2435,0.5236,0.4835,0.3775,0.5023,0.8281,0.6476,0.4191,0.2638,0.6222,0.7541,0.179,0.2745,0.6666,0.6226,0.4685,0.6351,0.6322,0.5661,0.5564,0.4997,0.5439,0,0.2371,0.4373,0.5383,0.3074,0.4546,0.2555,0.5935,0.616,0.616,0.6424,0.5238,0.3193,0.2415,0.3592,0.3544,0.2477,0.2851,0.2422,0.3409,0.7],[0.5933,0.3821,0.4419,0.7256,0.8867,0.6248,0.5147,0.7977,0.5432,0.6029,0.3169,0.289,0.2013,0.1365,0.6846,0.5427,0.2335,0.8014,0.2532,0.3311,0.4325,0.3642,0.4805,0.3676,0.2721,0.9114,0.6913,0.5747,0.5423,0.329,1.0163,0.4904,0.1269,0.3622,0.3951,0.4559,0.6914,1.0988,0.744,0.809,0.5905,0.3633,0.4594,0.2371,0,0.3452,0.5652,0.4255,0.347,0.3203,0.6598,0.6527,0.6806,0.6508,0.739,0.1958,0.1572,0.4346,0.3018,0.2478,0.2809,0.5074,0.4468,0.4977],[0.8087,0.2457,0.2718,0.7489,0.7673,0.6968,0.7154,0.714,0.4701,0.4564,0.6432,0.2801,0.3998,0.2905,0.7752,0.4798,0.3715,0.6755,0.3553,0.3963,0.3607,0.4081,0.6927,0.3647,0.2411,0.9595,0.8053,0.6506,0.4686,0.3194,0.9261,0.7286,0.2655,0.3645,0.5977,0.7416,0.5929,0.6766,0.6568,0.6571,0.5531,0.3531,0.4469,0.4373,0.3452,0,0.7974,0.2254,0.4457,0.3392,0.5492,0.5988,0.4965,0.7699,0.9636,0.3086,0.2491,0.4357,0.2126,0.4695,0.3817,0.7942,0.4935,0.5569],[0.0529,0.5395,0.5684,0.6596,0.5691,0.6301,0.6052,0.511,0.7551,0.5407,0.5682,0.7509,0.5263,0.8216,0.4197,0.6315,0.7616,0.8805,0.7062,0.8085,0.4779,0.6061,0.3917,0.7406,1.0009,0.6014,0.7545,0.8623,0.6523,0.4569,0.2143,0.6202,0.8238,0.8323,0.7649,0.4151,0.4797,0.2807,0.5352,0.4078,0.3825,0.5687,0.6423,0.5383,0.5652,0.7974,0,0.5937,0.7351,0.7421,0.7383,0.7196,0.7695,0.5572,0.6028,0.8292,0.5291,0.409,0.7001,0.5694,0.7153,0.694,0.8117,0.9256],[0.5805,0.1828,0.0583,0.6943,0.6987,0.6202,0.7735,0.4744,0.5552,0.2936,0.6404,0.245,0.2342,0.2462,0.7519,0.2611,0.3077,0.8503,0.3413,0.3403,0.1651,0.1938,0.6072,0.457,0.2205,0.7893,0.8519,0.9324,0.3182,0.1589,0.7083,0.9042,0.1135,0.2748,0.913,0.6884,0.4533,0.5092,0.6683,0.5715,0.5869,0.5345,0.5868,0.3074,0.4255,0.2254,0.5937,0,0.3695,0.323,0.8103,0.8147,0.8421,0.7379,0.9965,0.3163,0.1456,0.4076,0.1331,0.4199,0.4272,0.61,0.6504,0.851],[0.7266,0.4286,0.4403,0.8769,0.967,0.6616,0.8234,0.827,0.7326,0.4924,0.6724,0.4034,0.4439,0.321,0.6762,0.6083,0.4096,0.9272,0.5061,0.4418,0.4754,0.4618,0.6098,0.4914,0.3817,0.835,0.8395,0.685,0.5505,0.4478,0.8853,0.7191,0.3281,0.4377,0.3781,0.7828,0.8237,0.945,0.8348,0.9501,0.6418,0.3687,0.5036,0.4546,0.347,0.4457,0.7351,0.3695,0,0.5672,0.5699,0.5971,0.6967,0.5679,0.6311,0.4578,0.3525,0.607,0.3033,0.56,0.4423,0.7252,0.4665,0.5469],[0.7448,0.383,0.3268,0.7401,0.7443,0.5987,0.7397,0.6327,0.466,0.5225,0.5251,0.3723,0.2637,0.2729,0.5943,0.3409,0.2949,0.6656,0.2859,0.3545,0.3058,0.3099,0.5734,0.4185,0.318,0.7947,0.8149,0.5647,0.4083,0.1977,0.64,0.5671,0.2879,0.291,0.5169,0.7772,0.5342,0.8075,0.5372,0.6628,0.5454,0.4339,0.442,0.2555,0.3203,0.3392,0.7421,0.323,0.5672,0,0.5606,0.6337,0.5916,0.4502,0.4441,0.2321,0.2481,0.3267,0.3207,0.3294,0.2626,0.4798,0.4527,0.4874],[0.6638,0.6586,0.8613,0.8051,0.7093,0.6326,0.6546,0.7612,0.4448,0.9333,0.573,0.5718,0.7037,0.5986,0.6473,0.6951,0.6946,0.3791,0.625,0.5932,0.5171,0.7289,0.5252,0.6238,0.7293,0.69,0.6037,0.5236,0.5388,0.5259,0.6722,0.4763,0.6097,0.5587,0.5902,0.7438,0.7327,0.7032,0.4529,0.7792,0.7345,0.6535,0.7023,0.5935,0.6598,0.5492,0.7383,0.8103,0.5699,0.5606,0,0.194,0.0869,0.5481,0.7574,0.6013,0.6992,0.5307,0.5735,0.5895,0.5402,0.8184,0.5873,0.6333],[0.6479,0.5244,0.8247,0.7452,0.6325,0.6767,0.487,0.6794,0.4364,0.8688,0.4918,0.6582,0.7868,0.6714,0.635,0.6541,0.5655,0.2287,0.63,0.5077,0.5063,0.723,0.444,0.7387,0.7389,0.627,0.5816,0.4555,0.4724,0.5726,0.6131,0.4921,0.7542,0.6216,0.6497,0.5815,0.6746,0.6619,0.5046,0.7354,0.713,0.6578,0.573,0.616,0.6527,0.5988,0.7196,0.8147,0.5971,0.6337,0.194,0,0.1277,0.4663,0.8228,0.6186,0.5708,0.551,0.5736,0.5258,0.6,0.9286,0.5665,0.691],[0.6818,0.6622,0.8516,0.7844,0.6952,0.6196,0.6632,0.7409,0.4726,0.9422,0.5413,0.6369,0.7327,0.5453,0.6795,0.747,0.6911,0.3527,0.6412,0.6837,0.4905,0.745,0.55,0.6749,0.7109,0.5837,0.659,0.4987,0.566,0.5447,0.6366,0.4285,0.6967,0.5221,0.6573,0.7106,0.7409,0.7365,0.5001,0.7292,0.7065,0.6198,0.6746,0.616,0.6806,0.4965,0.7695,0.8421,0.6967,0.5916,0.0869,0.1277,0,0.5135,0.7156,0.5925,0.7256,0.5062,0.6459,0.5725,0.537,0.9016,0.5636,0.6984],[0.4781,0.6554,0.7924,0.0586,0.3915,0.5389,0.1544,0.3836,0.6078,0.793,0.3867,0.7462,0.7157,0.7106,0.4251,0.6659,0.5516,0.4509,0.5712,0.5228,0.6052,0.6976,0.5249,0.7578,0.8134,0.7487,0.6989,0.6121,0.5564,0.7139,0.4653,0.5859,0.8053,0.5956,0.6737,0.038,0.2606,0.4945,0.2329,0.619,0.5069,0.662,0.4663,0.6424,0.6508,0.7699,0.5572,0.7379,0.5679,0.4502,0.5481,0.4663,0.5135,0,0.5336,0.6659,0.2461,0.4794,0.611,0.6056,0.5914,0.7136,0.6708,0.5998],[0.6133,0.771,1.0436,0.8104,0.7369,0.6509,0.7575,0.7956,0.7785,0.8852,0.3686,0.8058,0.9913,0.8638,0.772,0.7699,0.7857,0.9394,0.9383,0.9961,1.0536,1.0142,0.7679,0.8726,1.0147,0.5491,0.9586,0.7142,0.8134,0.8603,0.4857,0.5475,1.0622,0.7058,0.5546,0.6601,0.7395,0.5456,0.7129,0.3911,0.594,0.6309,0.6141,0.5238,0.739,0.9636,0.6028,0.9965,0.6311,0.4441,0.7574,0.8228,0.7156,0.5336,0,0.7944,0.7457,0.694,0.8566,0.6198,0.6342,0.4798,0.4507,0.4845],[0.7776,0.2773,0.3196,0.7217,0.7325,0.6453,0.5601,0.6169,0.4022,0.545,0.4247,0.2352,0.3487,0.2166,0.6306,0.4747,0.1904,0.6435,0.3371,0.2837,0.3555,0.3902,0.5456,0.3331,0.1961,0.913,0.7156,0.531,0.4725,0.2438,0.6887,0.6474,0.2234,0.2809,0.4635,0.6505,0.7049,0.8167,0.7163,0.8025,0.5719,0.3499,0.4098,0.3193,0.1958,0.3086,0.8292,0.3163,0.4578,0.2321,0.6013,0.6186,0.5925,0.6659,0.7944,0,0.2091,0.5094,0.1775,0.2867,0.3313,0.6526,0.4604,0.5313],[0.5258,0.214,0.1632,0.2237,0.8105,0.6584,0.3138,0.638,0.5304,0.3455,0.3731,0.2404,0.2178,0.1717,0.4101,0.3943,0.2511,0.7558,0.2231,0.3079,0.3394,0.2801,0.6369,0.422,0.1979,0.7664,0.7313,0.5593,0.4229,0.2491,0.7307,0.6518,0.0972,0.2997,0.645,0.129,0.3142,0.7529,0.4111,0.5858,0.397,0.3857,0.6019,0.2415,0.1572,0.2491,0.5291,0.1456,0.3525,0.2481,0.6992,0.5708,0.7256,0.2461,0.7457,0.2091,0,0.4457,0.1312,0.2348,0.3416,0.5623,0.6098,0.567],[0.396,0.4226,0.4524,0.5963,0.5103,0.4814,0.6215,0.3552,0.4433,0.5481,0.5499,0.5202,0.3508,0.4394,0.5512,0.4035,0.5454,0.538,0.3071,0.4585,0.3436,0.3318,0.5591,0.5186,0.5062,0.7904,0.6232,0.6483,0.3487,0.3098,0.4776,0.6985,0.3509,0.4351,0.6018,0.4602,0.4419,0.3668,0.5117,0.5409,0.551,0.6204,0.5916,0.3592,0.4346,0.4357,0.409,0.4076,0.607,0.3267,0.5307,0.551,0.5062,0.4794,0.694,0.5094,0.4457,0,0.533,0.4797,0.4381,0.7849,0.4797,0.6594],[0.6938,0.1364,0.1168,0.6898,0.8049,0.6753,0.4711,0.6827,0.5434,0.3649,0.3853,0.2141,0.3646,0.1569,0.7101,0.4235,0.2731,0.7631,0.3252,0.3314,0.2353,0.2934,0.6258,0.3654,0.1388,0.8304,0.6998,0.6692,0.369,0.2213,0.8334,0.7604,0.1098,0.2495,0.3955,0.5461,0.6656,0.7284,0.6437,0.6502,0.5372,0.4361,0.3736,0.3544,0.3018,0.2126,0.7001,0.1331,0.3033,0.3207,0.5735,0.5736,0.6459,0.611,0.8566,0.1775,0.1312,0.533,0,0.4405,0.3155,0.7093,0.3009,0.4245],[0.6273,0.5638,0.4159,0.6461,0.7054,0.6133,0.6434,0.5809,0.6062,0.4392,0.5986,0.3925,0.2481,0.3005,0.568,0.4912,0.3503,0.7662,0.2477,0.4672,0.507,0.4095,0.554,0.5596,0.4707,0.6717,0.7912,0.6112,0.5858,0.359,0.6927,0.6924,0.3088,0.4249,0.5455,0.6496,0.6126,0.5717,0.6246,0.6041,0.5835,0.4177,0.4756,0.2477,0.2478,0.4695,0.5694,0.4199,0.56,0.3294,0.5895,0.5258,0.5725,0.6056,0.6198,0.2867,0.2348,0.4797,0.4405,0,0.334,0.3987,0.5049,0.5003],[0.7084,0.4492,0.3958,0.6293,0.7412,0.6421,0.6754,0.6449,0.3979,0.5716,0.5519,0.2164,0.2925,0.3144,0.5627,0.5177,0.4017,0.6139,0.2936,0.3145,0.4844,0.4405,0.5876,0.3905,0.4449,0.7815,0.7248,0.629,0.5198,0.2925,0.7261,0.6166,0.3107,0.4202,0.5858,0.6878,0.6221,0.7378,0.6426,0.5513,0.4368,0.3949,0.4207,0.2851,0.2809,0.3817,0.7153,0.4272,0.4423,0.2626,0.5402,0.6,0.537,0.5914,0.6342,0.3313,0.3416,0.4381,0.3155,0.334,0,0.5648,0.4609,0.5548],[0.7053,0.8236,0.5356,0.8943,0.8303,0.7268,0.933,0.7547,0.8545,0.5164,0.6194,0.7826,0.408,0.6635,0.7299,0.6761,0.5107,0.9458,0.6944,0.6656,0.8286,0.6213,0.7904,0.8102,0.8092,0.5588,0.8992,0.7651,0.7348,0.6412,0.7093,0.6159,0.5976,0.6804,0.6738,0.8916,0.7097,0.8138,0.6699,0.6967,0.6168,0.5738,0.5925,0.2422,0.5074,0.7942,0.694,0.61,0.7252,0.4798,0.8184,0.9286,0.9016,0.7136,0.4798,0.6526,0.5623,0.7849,0.7093,0.3987,0.5648,0,0.6679,0.6253],[0.7888,0.5986,0.6843,0.7499,0.6214,0.3496,0.5971,0.6041,0.4797,0.7764,0.4196,0.4282,0.4949,0.5255,0.6225,0.4993,0.4776,0.6234,0.4682,0.3721,0.5147,0.5375,0.6745,0.4469,0.5671,0.8222,0.8376,0.4877,0.6405,0.3878,0.8817,0.3607,0.4463,0.3513,0.1368,0.7003,0.6765,0.8616,0.5616,0.6664,0.6392,0.4544,0.2968,0.3409,0.4468,0.4935,0.8117,0.6504,0.4665,0.4527,0.5873,0.5665,0.5636,0.6708,0.4507,0.4604,0.6098,0.4797,0.3009,0.5049,0.4609,0.6679,0,0.3811],[0.8853,0.7217,0.8524,0.8481,0.805,0.4767,0.7072,0.5869,0.5671,0.8225,0.5006,0.5658,0.666,0.6049,0.4515,0.6679,0.4925,0.7486,0.6232,0.5038,0.8182,0.7583,0.6824,0.6134,0.7849,0.8015,0.9272,0.4605,0.4747,0.6176,0.7225,0.4586,0.6294,0.4682,0.2922,0.8192,0.8563,0.973,0.6533,0.7888,0.7202,0.518,0.377,0.7,0.4977,0.5569,0.9256,0.851,0.5469,0.4874,0.6333,0.691,0.6984,0.5998,0.4845,0.5313,0.567,0.6594,0.4245,0.5003,0.5548,0.6253,0.3811,0]],"points2D":[[-0.7018,-0.2024],[0.3574,-0.2797],[0.4902,-0.3863],[-0.6917,0.4333],[-0.9228,0.186],[-0.151,0.7435],[-0.4433,0.5411],[-0.5738,0.0169],[-0.1448,-0.4421],[0.4588,-0.6296],[-0.1583,0.4109],[0.6595,-0.0717],[0.3271,-0.3318],[0.573,-0.1437],[-0.4057,0.4115],[0.1644,-0.5219],[0.4286,0.1017],[-0.714,0.5725],[0.2893,-0.0551],[0.5525,0.0229],[0.1597,-0.3772],[0.2877,-0.4176],[-0.3975,-0.3298],[0.6652,0.2132],[0.712,-0.1913],[-0.9739,-0.5893],[-0.279,-1.1171],[0.0651,0.8268],[-0.0024,-0.3396],[0.2012,-0.2121],[-0.8359,-0.2037],[-0.275,0.7978],[0.5737,-0.2457],[0.3987,-0.0588],[0.3852,0.7613],[-0.6464,0.3128],[-0.5106,0.1649],[-0.7752,-0.3822],[-0.5463,0.2422],[-0.8268,0.0029],[-0.3013,0.3124],[0.5828,0.3872],[0.4044,0.5613],[0.1753,-0.1374],[0.5287,0.1726],[0.6612,-0.231],[-0.7551,-0.2351],[0.4675,-0.3974],[0.8456,0.1524],[0.2984,0.0652],[-0.3591,-0.684],[-0.4576,-0.5545],[-0.4373,-0.6554],[-0.575,0.3568],[-0.3961,1.0304],[0.5116,0.0708],[0.2068,-0.0077],[-0.1582,-0.1569],[0.5006,-0.1248],[0.1884,0.1491],[0.3339,0.2199],[0.3295,-0.9333],[0.2907,0.5772],[0.3412,0.8288]],"tags":["D_001","D_002","D_003","D_004","D_006","D_007","D_008","D_010","D_011","D_012","D_013","D_015","D_017","D_020","D_021","D_023","D_024","D_025","D_029","D_030","D_032","D_033","D_034","D_035","D_036","D_039","D_040","D_041","D_043","D_045","D_048","D_049","D_050","D_053","D_054","D_056","D_060","D_063","D_066","D_067","D_071","D_074","D_075","D_077","D_078","D_079","D_081","D_082","D_083","D_084","D_127","D_141","D_149","D_159","D_162","D_163","D_164","D_165","D_166","D_167","D_168","D_169","D_172","D_CHK"],"info":["navitoclax","ibrutinib","idelalisib","SNS-032","fludarabine","vorinostat","bortezomib","nutlin-3","enzastaurin","selumetinib","afatinib","MK-1775","AT13387","AZD7762","rigosertib","ralimetinib","SGI-1776","NSC 74859","TAE684","MK-2206","NU7441","tipifarnib","chaetocin","saracatinib","tamatinib","thapsigargin","YM155","BAY 11-7085","SGX-523","KU-60019","orlistat","chaetoglobosin A","dasatinib","sunitinib","gefitinib","actinomycin D","cephaeline","everolimus","arsenic trioxide","rotenone","KX2-391","VE-821","rabusertib","SCH 900776","PF 477736","spebrutinib","venetoclax","duvelisib","encorafenib","ruxolitinib","SD07","SD51","MIS-43","doxorubicine","BML-277","CCT241533","BX912","silmitasertib","PRT062607 HCl","UCN-01","sotrastaurin","tofacitinib","BIX02188","BML-277 + rabusertib"]}')
